LETRA (A)

|  A  |  B  |  C  |  AB | x = AB + C |
|  0  |  0  |  0  |  0  |      0     |
|  0  |  0  |  1  |  0  |      1     |
|  0  |  1  |  0  |  0  |      0     |
|  0  |  1  |  1  |  0  |      1     |
|  1  |  0  |  0  |  0  |      0     |
|  1  |  0  |  1  |  0  |      1     |
|  1  |  1  |  0  |  1  |      1     |
|  1  |  1  |  1  |  1  |      1     |

LETRA (B)

|  A  |  B  |  C  | A+B | B+C | x=(A+B)(B+C) |
|  0  |  0  |  0  |  0  |  0  |       0      |
|  0  |  0  |  1  |  0  |  1  |       0      |
|  0  |  1  |  0  |  1  |  1  |       1      |
|  0  |  1  |  1  |  1  |  1  |       1      |
|  1  |  0  |  0  |  1  |  0  |       0      |
|  1  |  0  |  1  |  1  |  1  |       1      |
|  1  |  1  |  0  |  1  |  1  |       1      |
|  1  |  1  |  1  |  1  |  1  |       1      |

LETRA(C)

|  A  |  B  |  C  |  D  |  AB | C+D | x = AB(C+D) |
|  0  |  0  |  0  |  0  |  0  |  0  |      0      |
|  0  |  0  |  0  |  1  |  0  |  1  |      0      |
|  0  |  0  |  1  |  0  |  0  |  1  |      0      |
|  0  |  0  |  1  |  1  |  0  |  1  |      0      |
|  0  |  1  |  0  |  0  |  0  |  0  |      0      |
|  0  |  1  |  0  |  1  |  0  |  1  |      0      |
|  0  |  1  |  1  |  0  |  0  |  1  |      0      |
|  0  |  1  |  1  |  1  |  0  |  1  |      0      |
|  1  |  0  |  0  |  0  |  0  |  0  |      0      |
|  1  |  0  |  0  |  1  |  0  |  1  |      0      |
|  1  |  0  |  1  |  0  |  0  |  1  |      0      |
|  1  |  0  |  1  |  1  |  0  |  1  |      0      |
|  1  |  1  |  0  |  0  |  1  |  0  |      0      |
|  1  |  1  |  0  |  1  |  1  |  1  |      1      |
|  1  |  1  |  1  |  0  |  1  |  1  |      1      |
|  1  |  1  |  1  |  1  |  1  |  1  |      1      |

LETRA(D)

|  A  |  B  |  C  | A⊕B | x = A⊕B⊕C |
|  0  |  0  |  0  |  0  |     0     |
|  0  |  0  |  1  |  0  |     1     |
|  0  |  1  |  0  |  1  |     1     |
|  0  |  1  |  1  |  1  |     0     |
|  1  |  0  |  0  |  1  |     1     |
|  1  |  0  |  1  |  1  |     0     |
|  1  |  1  |  0  |  0  |     0     |
|  1  |  1  |  1  |  0  |     1     |

LETRA (E)

|  A  |  B  |  C  |  AB |  BC |  AC | y = AB + BC + AC |
|  0  |  0  |  0  |  0  |  0  |  0  |         0        |
|  0  |  0  |  1  |  0  |  0  |  0  |         0        |
|  0  |  1  |  0  |  0  |  0  |  0  |         0        |
|  0  |  1  |  1  |  0  |  1  |  0  |         1        |
|  1  |  0  |  0  |  0  |  0  |  0  |         0        |
|  1  |  0  |  1  |  0  |  0  |  1  |         1        |
|  1  |  1  |  0  |  1  |  0  |  0  |         1        |
|  1  |  1  |  1  |  1  |  1  |  1  |         1        |



